0.117,-7.821,1.979,0
-2.081,-5.047,3.479,1
-9.497,9.203,3.679,1
-2.541,2.651,3.534,1
-18.408,-5.665,3.337,1
12.814,4.703,3.620,1
-3.624,9.379,2.570,0
8.983,-7.496,1.619,0
-9.723,-1.547,3.194,1
12.228,-8.262,2.451,0
13.944,3.976,3.693,1
13.540,13.775,2.021,0
2.821,-2.142,1.907,0
-1.054,11.152,3.502,1
3.094,0.125,3.600,1
-2.206,2.043,3.465,1
-4.279,-5.318,1.683,0
1.144,8.726,3.482,1
-6.386,-0.603,2.206,0
-1.424,-5.538,3.289,1
-14.229,3.773,3.533,1
-2.838,-6.188,2.615,0
4.975,-3.886,1.837,0
-7.632,-5.266,2.310,0
-9.283,-7.843,3.653,1
-0.527,-20.124,2.137,0
-15.316,-0.149,3.398,1
-21.899,15.802,1.705,0
0.768,-5.828,2.190,0
9.093,-10.446,3.264,1
11.941,-5.550,1.805,0
-7.610,12.343,3.898,1
-5.226,15.004,3.088,1
2.016,30.350,3.334,1
2.424,13.578,1.671,0
7.790,4.205,1.592,0
-0.736,10.333,4.038,1
-8.108,8.757,1.854,0
0.900,4.956,1.931,0
10.401,3.550,3.608,1
-6.524,-10.760,3.697,1
-9.749,5.948,2.311,0
-4.345,7.488,3.337,1
-11.644,-2.286,4.076,1
-18.841,-9.795,2.882,1
4.289,-9.215,4.222,1
-4.598,-6.619,3.468,1
-4.865,5.700,3.975,1
-5.492,11.801,1.214,0
0.840,-10.936,2.387,0
14.668,1.448,3.527,1
2.050,4.508,3.341,1
-5.798,10.024,2.158,0
-5.862,-1.767,2.101,0
-7.937,3.827,1.939,0
9.215,-3.929,2.244,0
-4.507,0.775,3.379,1
-5.395,-20.074,3.134,1
-7.516,-2.952,3.492,1
-5.433,-4.305,3.316,1
-13.926,13.285,1.447,0
-3.531,-3.331,2.315,0
5.400,3.185,1.801,0
6.412,-6.347,1.747,0
-3.949,19.852,2.203,0
-3.410,-4.621,3.537,1
0.768,-3.172,2.378,0
-6.716,-3.564,1.481,0
-22.217,-7.934,1.726,0
0.217,4.922,2.552,0
13.552,1.167,1.818,0
-6.850,18.143,3.649,1
-11.163,-7.775,3.035,1
-15.903,7.685,2.542,0
-1.741,8.830,1.900,0
-15.482,3.211,3.620,1
3.862,1.410,1.720,0
3.748,-14.314,3.542,1
-5.233,4.123,3.114,1
-18.642,-6.364,3.966,1
2.043,0.602,2.923,1
2.757,3.061,2.209,0
7.062,8.000,2.084,0
1.577,10.682,4.066,1
0.342,21.720,1.898,0
9.938,-2.486,1.634,0
10.327,7.696,2.263,0
13.083,25.674,2.019,0
-0.005,4.620,2.564,0
-7.462,13.662,2.418,0
3.959,-16.331,2.453,0
0.432,4.493,2.460,0
4.642,-11.483,3.105,1
-16.190,9.033,3.238,1
13.806,6.400,3.873,1
9.098,2.175,3.478,1
0.584,-15.644,3.100,1
-2.146,4.141,2.093,0
8.927,4.906,2.399,0
14.569,-8.829,2.186,0
-7.174,1.627,1.883,0
-10.383,-18.346,4.067,1
0.933,20.298,3.703,1
-0.043,-0.472,3.726,1
-3.660,-9.349,3.877,1
-10.456,3.534,3.137,1
4.642,11.947,3.981,1
-13.820,-1.795,2.208,0
-19.226,-17.213,2.379,0
12.749,3.292,3.674,1
-1.519,10.552,1.721,0
3.904,-10.300,1.640,0
-5.252,-16.323,3.100,1
-10.522,7.020,1.925,0
-10.873,21.029,1.840,0
11.901,7.808,1.823,0
3.927,7.148,3.056,1
-4.225,-5.201,3.013,1
2.983,3.238,2.262,0
-8.514,-3.923,3.485,1
-0.228,12.348,2.070,0
10.355,1.409,2.972,1
11.099,-6.004,3.186,1
-1.440,4.287,3.108,1
-7.959,-0.408,2.083,0
-3.807,-17.412,2.838,1
11.470,-22.915,3.630,1
11.000,-2.567,1.708,0
-6.307,0.129,1.822,0
-11.229,-11.841,1.695,0
12.916,-10.513,3.387,1
-6.984,22.874,1.945,0
-5.163,8.361,3.618,1
8.752,8.851,3.562,1
11.326,17.361,2.927,1
-9.277,-16.898,2.989,0
-15.406,-20.269,1.950,0
-12.116,7.635,3.825,1
9.811,-13.929,2.180,0
-0.679,-7.923,3.755,1
-3.373,-13.318,1.489,0
10.785,-6.235,1.957,0
-8.639,11.341,3.067,1
-7.332,-1.098,1.735,0
-0.310,5.712,1.899,0
-1.807,-1.598,2.149,0
-16.592,-5.981,2.713,0
-8.908,-7.396,3.500,1
-16.621,8.280,3.995,1
-17.282,-23.969,3.767,1
-1.962,-3.275,3.498,1
1.061,13.351,3.967,1
0.090,-10.514,3.264,1
-14.451,0.207,3.334,1
2.216,2.089,3.539,1
6.264,5.197,2.469,0
-14.593,-5.908,1.869,0
1.664,-8.688,3.284,1
-15.252,7.611,3.413,1
3.778,13.447,3.880,1
-5.778,19.772,1.581,0
-0.246,8.818,3.537,1
-7.455,6.147,1.916,0
-12.763,-1.614,2.232,0
-14.567,-12.347,2.500,0
-2.856,-17.785,2.882,1
11.844,-5.254,3.590,1
16.158,2.729,3.617,1
-10.840,-28.917,3.316,1
-9.242,-8.842,1.709,0
-1.517,-7.105,2.415,0
-3.270,-5.991,2.305,0
-8.260,-11.808,3.884,1
-2.019,-8.305,3.722,1
-6.406,-5.393,3.459,1
-13.547,-9.950,2.029,0
4.136,-2.051,3.719,1
1.609,6.967,3.479,1
-14.464,-15.276,3.777,1
-11.513,-1.998,1.789,0
-8.928,-13.800,1.935,0
-7.731,9.892,2.234,0
20.325,-5.998,3.441,1
-0.520,-8.650,2.179,0
-0.693,9.856,1.544,0
-4.107,-7.575,3.779,1
5.939,5.664,1.946,0
6.244,-0.105,2.169,0
-5.406,0.605,3.509,1
-19.208,-2.789,2.373,0
6.437,8.354,2.313,0
-3.353,3.611,3.682,1
0.392,5.125,1.653,0
3.889,2.496,3.460,1
4.910,7.959,3.772,1
5.695,22.526,3.117,1
3.601,1.158,3.353,1
-2.889,-7.508,3.324,1
-10.006,-2.040,3.603,1
-8.005,3.268,3.626,1
10.979,-4.946,2.003,0
-0.236,1.730,3.846,1
5.146,-3.393,2.388,0
12.085,-7.764,4.133,1
-5.835,-3.717,3.825,1
-22.181,5.396,3.217,1
-2.512,-11.254,2.448,0
-22.946,3.237,3.699,1
6.508,7.136,3.262,1
16.445,5.076,1.786,0
-9.727,-6.260,2.574,0
-0.721,-14.350,3.481,1
6.200,5.720,3.176,1
2.192,-10.027,2.089,0
-2.259,-10.553,2.235,0
-5.991,-2.104,3.601,1
-0.796,-19.710,2.375,0
7.641,-2.449,3.722,1
-2.442,4.043,3.454,1
8.357,3.754,2.335,0
-0.915,5.096,2.203,0
7.905,-13.052,2.087,0
5.833,-2.128,2.318,0
-1.248,6.081,1.910,0
5.523,-9.160,1.681,0
23.029,-3.871,3.754,1
-4.275,14.073,1.808,0
-9.054,20.262,3.292,1
-6.941,-9.970,1.469,0
13.222,-1.771,3.710,1
-6.182,9.690,2.829,1
1.989,0.845,1.584,0
4.605,2.166,2.495,0
-6.183,-11.774,1.975,0
-19.561,-0.725,3.598,1
-3.969,-23.932,3.695,1
6.433,-23.129,4.029,1
-1.676,-0.833,2.284,0
-9.693,9.232,2.606,0
12.894,18.198,3.696,1
-12.381,-14.037,3.435,1
-13.650,-9.086,3.485,1
11.559,-6.347,1.851,0
18.978,-0.764,1.876,0
9.336,-16.066,1.764,0
9.288,-9.740,3.261,1
11.981,15.766,2.216,0
2.736,5.745,3.555,1
8.660,-8.184,2.379,0
-9.712,4.130,1.446,0
-4.341,8.926,2.035,0
13.488,3.726,2.344,0
-2.191,9.596,2.042,0
16.809,13.753,3.970,1
12.808,-8.952,2.308,0
5.983,1.273,3.361,1
10.399,-3.259,1.570,0
-9.566,2.336,3.615,1
-11.146,6.722,2.032,0
17.561,0.341,2.005,0
9.830,7.559,3.726,1
6.663,-16.330,3.426,1
-9.073,-11.319,1.710,0
-10.581,6.616,3.417,1
-8.736,26.862,3.196,1
17.236,1.998,3.489,1
-8.490,-17.256,3.337,1
7.302,-9.488,1.585,0
-19.932,-6.397,2.188,0
-10.030,5.551,3.184,1
1.120,0.679,3.206,1
-14.212,-1.887,3.212,1
16.841,-13.627,1.899,0
7.403,-12.379,3.625,1
-5.732,3.216,3.470,1
10.735,11.292,3.434,1
-7.720,-1.779,1.855,0
6.365,6.845,4.075,1
7.545,0.956,2.160,0
-5.364,-0.813,4.014,1
-6.611,6.526,3.132,1
11.436,11.871,2.466,0
4.181,3.989,2.373,0
-0.314,-17.029,3.001,1
-9.519,12.526,3.521,1
0.770,-8.047,3.381,1
-10.341,-1.358,2.356,0
3.180,-0.939,3.087,1
12.449,-3.485,3.297,1
13.462,16.032,2.519,0
3.110,-9.936,3.559,1
10.293,-1.250,1.958,0
16.646,-10.042,2.151,0
3.235,5.553,3.218,1
-16.817,4.276,3.465,1
18.459,-0.277,3.562,1
23.052,2.527,3.560,1
14.178,-4.123,1.534,0
26.504,-9.030,3.590,1
-8.378,12.300,1.770,0
-0.092,-8.070,1.948,0
-17.735,22.629,3.519,1
-7.333,9.040,1.634,0
-2.570,-7.706,3.327,1
-20.838,-3.058,3.347,1
6.621,3.268,3.717,1
-3.927,-1.279,3.688,1
-7.401,8.375,3.826,1
-2.740,12.200,4.176,1
17.147,2.739,3.759,1
-4.930,-0.578,2.819,1
7.945,0.920,2.535,0
-0.320,11.570,1.399,0
11.042,-15.143,3.867,1
-4.516,-9.239,1.796,0
2.900,-18.500,1.829,0
2.727,-5.054,1.655,0
7.705,13.533,2.013,0
7.828,20.366,1.848,0
-1.605,-2.237,2.156,0
-1.484,-14.918,2.817,1
1.901,8.089,3.819,1
9.311,6.098,1.583,0
-4.807,-7.351,2.424,0
-18.027,9.166,3.429,1
6.122,0.975,2.054,0
-2.357,-10.918,1.743,0
-17.400,-20.096,1.280,0
-11.210,-1.305,3.147,1
-17.462,-6.823,3.622,1
22.356,-0.215,1.571,0
-0.857,6.934,3.259,1
-2.547,-18.680,3.605,1
-0.793,-0.152,3.230,1
11.333,-2.568,3.464,1
-16.039,-5.202,3.612,1
-12.367,-14.352,3.415,1
-3.273,-1.571,1.071,0
-6.297,-12.828,3.534,1
6.937,-18.481,2.057,0
0.737,1.483,2.293,0
-11.385,-9.856,1.910,0
4.923,10.179,4.326,1
-7.121,-1.141,1.888,0
-3.801,11.205,3.096,1
-0.863,10.321,1.702,0
-5.820,-3.640,2.253,0
20.477,-5.001,4.000,1
-2.969,-1.763,1.921,0
11.284,11.448,3.371,1
-5.433,-2.140,1.680,0
-5.070,-4.276,2.801,0
1.866,-6.944,2.253,1
0.391,-1.742,1.913,0
8.348,-7.010,2.231,0
10.859,4.728,3.881,1
-12.784,-8.716,2.000,0
-0.215,5.604,1.953,0
-6.657,3.049,3.216,1
9.518,-11.441,2.957,1
4.204,15.468,2.242,0
-4.319,-1.034,2.156,0
-6.862,-14.175,1.623,0
6.454,-2.770,2.299,0
-7.349,11.374,2.376,0
-13.165,5.372,3.226,1
2.507,-1.474,3.221,1
-5.427,-10.624,3.845,1
-3.365,8.728,3.841,1
6.611,18.265,1.654,0
-0.853,-8.828,3.310,1
-2.859,-5.574,1.633,0
-22.263,5.549,3.860,1
-3.990,13.941,3.604,1
-10.036,3.955,3.457,1
-10.766,-5.673,3.851,1
-0.533,6.929,1.460,0
-11.719,4.493,2.542,0
8.445,4.431,3.776,1
1.878,-9.460,3.329,1
-2.397,-6.803,2.589,0
11.937,-13.875,3.305,1
4.238,-7.214,3.135,1
3.893,-0.164,3.233,1
-12.918,3.604,1.867,0
-3.550,-3.461,2.192,0
7.441,1.700,2.769,1
8.121,-8.328,1.193,0
-8.921,11.922,3.885,1
1.003,-4.018,3.104,1
-1.776,15.581,3.572,1
-17.941,0.680,2.001,0
20.301,-20.923,3.800,1
-8.257,-9.810,1.986,0
-8.718,-9.700,3.341,1
-21.041,6.418,1.684,0
-2.584,4.770,3.189,1
6.318,-6.845,3.306,1
14.836,-14.760,1.777,0
0.668,14.985,3.485,1
3.135,-6.328,3.641,1
1.486,6.011,3.389,1
7.454,-4.313,1.564,0
1.675,1.011,2.102,0
-11.119,-5.907,2.069,0
12.949,1.300,2.318,0
4.488,-19.274,1.961,0
7.301,-17.717,3.101,1
8.050,4.181,2.040,0
-22.501,8.681,2.271,0
3.296,5.224,1.852,0
13.390,-14.379,3.163,1
2.940,-6.747,2.107,0
-12.275,-3.815,3.345,1
-0.031,-4.311,3.636,1
4.722,-19.557,1.898,0
4.975,-2.621,3.649,1
-7.995,11.402,4.028,1
14.050,-14.497,3.751,1
-3.495,-11.588,1.781,0
-1.432,-0.630,3.346,1
2.304,-21.654,1.910,0
-0.245,-12.881,3.944,1
-2.760,3.100,1.944,0
10.409,11.545,2.074,0
-5.556,-4.407,1.669,0
-17.809,8.628,3.571,1
-3.594,-1.961,3.895,1
7.841,-6.871,3.673,1
-1.648,0.047,1.791,0
12.974,2.038,3.172,1
3.966,-6.385,1.887,0
7.398,9.254,1.568,0
-9.651,-9.687,1.970,0
4.074,0.463,1.302,0
-6.374,8.324,1.856,0
-6.310,-0.954,3.359,1
3.928,3.754,3.584,1
3.737,6.098,3.605,1
8.830,4.790,3.439,1
-12.430,10.037,2.166,0
12.487,8.773,2.110,0
-15.616,26.818,3.201,1
-2.037,12.184,2.304,0
7.805,5.977,2.030,0
5.118,-1.786,1.543,0
-8.840,-13.856,3.260,1
10.866,-2.055,3.132,1
0.168,-3.493,3.554,1
7.033,13.305,2.870,1
2.916,3.626,1.965,0
-11.708,3.592,3.083,1
0.300,4.959,2.993,1
-2.137,12.279,1.589,0
-1.955,11.774,2.534,0
1.553,25.546,1.669,0
-12.332,14.302,3.033,1
22.596,2.784,2.463,0
-13.643,2.625,2.253,0
-10.356,-6.677,1.955,0
-26.283,-5.509,1.946,0
-7.348,3.823,3.517,1
-8.404,-7.779,3.760,1
-3.860,-4.598,3.605,1
8.750,-0.626,4.109,1
-1.139,11.640,1.978,0
10.572,-2.042,1.589,0
10.782,2.959,2.620,0
-10.581,3.061,2.284,0
11.316,0.965,1.891,0
1.805,-0.467,2.080,0
3.950,6.282,1.573,0
-1.220,-11.367,3.645,1
16.477,4.197,3.731,1
8.484,0.068,3.583,1
-6.330,12.491,3.990,1
-3.507,-7.124,3.717,1
9.667,1.208,4.036,1
-13.373,7.353,2.006,0
4.964,0.181,3.870,1
6.197,7.576,3.428,1
0.975,8.784,3.549,1
-2.441,-15.935,4.296,1
3.203,9.635,3.269,1
3.395,4.258,3.337,1
-10.903,-8.910,3.535,1
-6.225,18.023,3.845,1
4.548,10.711,3.503,1
-1.806,6.228,1.687,0
-9.881,4.657,3.658,1
-7.586,-7.842,2.185,0
-0.025,-4.581,1.920,0
25.358,0.371,3.502,1
0.357,10.420,3.121,1
6.993,17.918,2.284,0
-1.618,-3.702,3.392,1
-11.219,-5.020,1.554,0
6.556,0.084,1.573,0
-2.405,-2.353,3.518,1
8.351,11.792,3.679,1
-17.911,7.079,3.202,1
-1.973,12.522,1.674,0
4.736,17.360,1.472,0
1.270,-0.675,3.432,1
-15.025,0.663,3.849,1
-6.711,9.033,3.049,1
7.767,-37.312,2.348,0
-0.624,10.955,1.909,0
-10.997,4.953,1.845,0
0.032,2.858,3.234,1
-13.124,-14.556,3.721,1
-11.687,-3.183,2.653,0
5.204,-3.270,1.958,0
-10.047,1.546,1.500,0
5.586,11.484,4.011,1
4.055,-1.487,1.685,0
-5.111,0.778,3.866,1
-2.664,-7.825,1.983,0
7.734,-11.890,1.589,0
-3.322,17.141,1.504,0
-4.386,2.023,2.086,0
9.992,-14.899,3.335,1
9.994,-4.070,2.193,0
-15.393,-5.325,3.659,1
7.945,-11.610,3.236,1
-14.584,4.114,1.748,0
24.848,-11.690,2.142,0
-19.342,-5.319,2.060,0
5.239,9.653,3.654,1
-11.991,-0.141,3.497,1
0.931,6.173,3.547,1
-3.096,-10.101,2.258,0
6.735,22.231,3.602,1
4.750,-16.780,2.059,0
8.670,6.628,1.849,0
-29.376,-2.563,1.891,0
-0.230,-0.955,2.666,0
-0.496,1.867,1.941,0
0.613,-12.059,3.715,1
-13.238,5.812,2.711,0
0.657,-1.549,2.034,0
17.539,5.079,3.352,1
2.986,-5.321,2.038,0
0.295,-13.671,1.671,0
-8.368,7.038,2.055,0
17.640,-2.772,2.994,1
-0.605,15.904,1.917,0
-30.197,-16.159,3.422,1
7.095,-4.227,3.683,1
-10.026,2.962,2.022,0
5.810,3.668,2.170,0
0.913,20.121,3.249,1
19.076,13.448,2.917,0
13.931,13.355,2.010,0
-7.076,-4.918,2.392,0
7.576,-12.092,1.889,0
4.524,5.614,2.562,0
1.848,-2.815,1.744,0
-8.719,5.321,3.617,1
-11.289,-6.250,3.145,1
0.660,0.781,2.095,0
3.993,0.111,2.114,0
0.330,-1.031,4.102,1
-12.757,7.915,3.319,1
0.744,-5.327,3.367,1
-14.614,-8.981,1.802,0
2.288,4.072,2.011,0
13.842,-1.662,3.600,1
11.056,-17.675,1.755,0
11.612,5.332,1.759,0
0.741,-9.559,3.022,1
13.693,-8.855,3.301,1
8.554,-3.513,1.950,0
10.612,2.663,2.284,0
13.425,1.507,1.933,0
3.362,-8.722,1.870,0
15.666,-1.060,3.277,1
-10.281,-9.723,1.865,0
-4.126,17.584,3.710,1
14.931,-8.128,3.359,1
-3.541,1.833,3.659,1
-7.427,-2.298,1.915,0
-0.736,13.078,3.231,1
28.336,8.458,3.701,1
-8.116,2.367,3.378,1
6.871,14.160,3.461,1
-3.213,10.237,2.437,0
16.471,14.705,3.841,1
1.745,1.449,3.406,1
-16.782,-8.655,3.694,1
-4.671,-3.152,2.346,0
22.495,-6.526,3.289,1
1.427,4.159,2.029,0
-1.436,8.346,3.757,1
0.166,-4.723,3.377,1
15.119,-0.651,2.410,0
0.561,-1.328,2.341,0
7.641,-0.348,3.494,1
-0.697,3.536,4.155,1
-2.650,13.419,2.022,0
-6.809,-8.646,3.800,1
0.858,-1.318,2.183,0
7.447,11.339,3.399,1
-8.702,-5.247,4.121,1
2.206,-3.295,1.647,0
-20.739,-8.490,1.928,0
-10.930,10.437,3.222,1
-8.137,-6.356,3.670,1
-6.268,-7.764,3.132,1
-19.033,1.442,1.800,0
-1.245,-9.860,1.935,0
6.061,12.379,1.659,0
7.930,-1.180,2.502,0
1.102,3.967,1.993,0
10.155,-9.315,3.058,1
3.506,-12.618,2.057,0
-0.964,-16.023,3.313,1
-10.482,-1.946,3.236,1
25.009,-7.380,1.840,0
-11.095,-1.111,2.973,0
-3.825,-4.590,1.996,0
-6.349,4.282,2.210,0
6.285,-12.779,3.346,1
-16.389,-0.365,1.767,0
-3.184,-11.208,3.168,1
6.029,-14.150,3.331,1
-20.460,-13.315,3.510,1
-24.990,-9.097,2.120,0
-6.310,8.926,1.433,0
-14.805,-9.047,3.009,1
-5.622,7.276,2.218,0
-22.252,1.621,3.058,1
13.796,-11.935,1.855,0
1.783,-9.364,3.460,1
-9.839,-8.483,1.897,0
-3.160,0.404,3.816,1
7.439,-0.700,1.844,0
1.546,-10.160,3.845,1
8.070,-9.648,1.017,0
-20.337,9.212,3.293,1
-8.398,11.488,3.587,1
-9.813,14.874,3.486,1
8.938,6.373,3.600,1
-6.677,-2.607,3.174,1
-30.980,-2.591,1.652,0
-4.054,-3.580,2.083,0
16.027,-3.930,2.286,0
-3.658,-3.259,4.247,1
9.577,11.800,3.385,1
0.704,6.390,3.593,1
-21.205,7.555,2.061,0
2.639,-21.635,1.780,0
-3.578,-4.613,1.541,0
0.613,9.507,3.056,1
12.910,-13.497,1.421,0
18.834,-7.180,1.974,0
0.244,-4.467,2.432,0
24.387,1.890,2.830,1
2.993,0.466,2.303,0
-6.796,-4.567,2.357,0
-4.645,-1.553,3.682,1
-4.663,-2.881,3.650,1
3.726,8.531,3.718,1
3.864,3.431,2.066,0
-5.402,-5.453,3.583,1
0.076,-12.383,3.586,1
-18.905,11.063,1.969,0
0.132,-6.588,1.652,0
-22.550,5.543,3.785,1
8.338,2.068,3.246,1
7.583,-0.313,2.050,0
0.620,1.839,2.281,0
8.236,-2.873,2.142,0
-2.775,-12.245,1.831,0
11.235,3.752,3.378,1
6.951,-6.128,2.060,0
-8.027,1.741,2.185,0
-6.746,3.670,1.802,0
-3.339,-4.196,2.298,0
11.631,12.879,2.274,0
10.796,5.274,1.630,0
14.195,-20.622,3.784,1
-6.145,-7.479,2.074,0
-0.357,10.704,3.674,1
-4.532,1.877,1.870,0
9.704,-9.144,3.460,1
1.545,-1.426,3.464,1
-13.396,-5.169,1.892,0
1.408,4.089,3.838,1
11.278,-6.212,1.844,0
-9.151,15.106,2.089,0
2.984,2.977,3.156,1
-2.863,-5.922,3.757,1
-10.745,-0.812,1.516,0
-1.052,18.004,2.210,0
-13.474,23.541,1.865,0
1.041,-4.058,2.034,0
-14.844,-5.182,3.447,1
-3.249,9.258,3.511,1
6.180,1.115,2.993,1
-4.209,-6.254,3.640,1
-3.983,5.005,2.355,0
15.452,12.114,3.150,1
-4.803,-11.007,2.198,0
-4.973,5.726,3.824,1
5.689,-4.232,1.653,0
-2.758,-1.366,2.457,0
-2.515,9.202,3.183,1
-10.788,2.735,2.299,0
-8.239,-6.879,1.753,0
-8.275,-7.626,3.799,1
7.610,-10.498,2.619,0
-5.686,-5.646,3.325,1
0.613,11.339,3.545,1
10.823,-15.505,2.136,0
-2.536,10.740,3.871,1
2.107,-12.642,0.858,0
-14.565,-12.298,2.134,0
-8.936,-18.998,3.461,1
-25.329,-4.459,1.709,0
6.894,-6.131,2.159,0
-4.995,-2.239,2.862,1
-9.163,-6.135,2.166,0
1.903,16.067,3.604,1
-17.972,-3.603,3.611,1
6.377,3.247,2.437,0
-1.630,-1.726,1.935,0
2.425,-13.990,3.600,1
5.568,1.509,3.893,1
5.469,-1.804,3.401,1
11.255,-13.976,1.638,0
22.410,-6.582,3.225,1
-10.042,-8.802,3.780,1
-5.554,6.867,2.179,0
23.362,12.617,2.828,1
-2.284,-2.285,3.304,1
-10.186,-0.483,1.814,0
-6.333,-2.583,3.703,1
21.736,4.919,3.499,1
19.306,17.642,1.743,0
-6.316,-7.311,2.032,0
7.080,2.378,2.242,0
-4.020,-11.711,3.162,1
-14.615,-21.708,3.431,1
-10.896,10.124,1.947,0
-3.183,1.352,1.752,0
-15.291,-5.273,2.957,1
-14.679,-9.996,1.812,0
11.805,8.852,1.882,0
3.635,-6.566,2.022,0
14.176,0.888,3.378,1
-11.711,5.752,3.666,1
-2.775,-7.325,2.783,0
-2.324,-2.746,2.071,0
-3.113,3.760,2.961,1
3.439,-11.632,3.408,1
3.373,16.679,3.241,1
-16.399,2.473,1.849,0
15.334,10.765,2.476,0
-4.734,-19.489,1.980,0
-9.251,3.506,3.141,1
1.806,0.645,2.371,0
-10.791,4.145,2.179,0
6.728,4.468,1.772,0
16.700,18.808,3.042,1
-17.424,13.686,1.870,0
-4.933,-1.992,3.800,1
13.735,-7.663,1.750,0
-13.270,-3.181,3.199,1
-9.158,11.856,3.615,1
-0.467,14.098,1.967,0
-10.615,9.569,3.626,1
-6.281,3.617,2.001,0
2.565,-7.125,2.148,0
-9.065,4.172,2.197,0
11.287,-2.841,4.043,1
-16.030,-3.524,1.956,0
-11.352,-12.607,3.599,1
-6.227,12.833,3.383,1
9.559,5.116,3.689,1
-12.683,9.584,3.345,1
-3.509,-10.772,4.024,1
3.589,13.871,2.964,1
8.521,-12.317,3.981,1
0.061,-2.989,2.172,0
-1.549,-10.110,2.344,0
20.321,2.438,2.125,0
-0.949,0.377,3.676,1
-2.704,8.591,3.575,1
-5.813,5.947,2.112,0
11.431,-19.613,2.185,0
-7.489,0.343,3.506,1
-4.999,-1.598,1.886,0
-13.078,-5.754,2.512,0
-1.316,-1.579,1.817,0
26.620,5.947,2.768,1
18.604,8.252,3.571,1
-12.556,5.465,3.711,1
12.134,-6.050,3.163,1
-5.117,-2.503,2.628,1
-6.553,-0.040,1.630,0
18.991,-10.185,2.263,0
-3.575,-9.334,2.107,0
-0.852,18.320,2.308,0
4.367,7.429,3.671,1
0.537,8.728,1.584,0
5.647,-6.324,1.917,0
15.829,6.603,1.883,0
-4.243,17.389,3.017,1
16.675,-18.252,3.318,1
-11.408,-2.963,2.008,0
9.567,11.998,3.526,1
15.490,-10.833,1.590,0
-5.142,-2.742,3.267,1
13.572,17.681,3.037,1
-10.436,-10.149,2.069,0
-10.832,2.460,1.845,0
20.418,5.956,3.688,1
10.091,1.294,3.292,1
-4.763,5.417,3.671,1
4.796,8.239,3.938,1
-9.846,-11.899,2.542,0
-3.632,-1.753,3.221,1
6.128,8.851,3.728,1
-6.776,8.442,3.807,1
4.200,4.787,1.973,0
-7.549,-2.800,3.354,1
-3.424,-2.124,3.263,1
-8.355,4.517,2.126,0
-2.213,-7.038,3.947,1
0.574,-1.846,2.125,0
11.664,-5.285,3.948,1
-7.014,-0.949,3.103,1
-17.465,-5.859,2.465,0
-6.741,10.698,2.309,0
0.063,4.089,3.670,1
-4.006,-0.327,1.909,0
12.964,4.134,2.006,0
15.094,-1.591,2.089,0
-21.135,3.208,2.646,1
19.711,5.563,3.906,1
-3.181,2.143,3.214,1
4.824,1.718,3.404,1
2.733,-2.141,3.399,1
7.402,8.091,2.016,0
18.348,7.580,3.946,1
7.529,3.779,3.678,1
-5.368,7.395,3.646,1
-9.458,1.285,2.166,0
-1.883,-12.858,2.159,0
-5.141,-8.289,2.440,0
-0.761,3.411,2.301,0
-18.515,-12.663,3.065,1
37.786,-0.956,1.602,0
1.948,21.067,2.115,0
2.646,18.534,3.453,1
-8.681,-11.948,3.807,1
-9.154,-5.112,3.532,1
-1.821,-8.794,1.856,0
0.610,2.674,1.732,0
1.865,1.587,3.236,1
-1.963,1.660,1.541,0
-8.838,-3.450,1.933,0
2.308,21.016,3.636,1
-0.492,-12.586,2.171,0
16.163,-10.244,1.831,0
8.039,3.765,3.529,1
7.376,5.436,1.790,0
1.398,20.300,3.535,1
-21.514,-9.710,3.470,1
2.791,19.223,3.555,1
0.276,-1.549,3.461,1
-2.489,-9.664,3.036,1
11.004,-0.545,2.522,0
-13.515,0.402,3.599,1
-1.675,4.132,1.520,0
-6.058,-5.555,1.930,0
-4.504,-14.553,3.398,1
-7.625,22.037,3.633,1
2.691,-0.094,3.647,1
-10.738,1.573,1.681,0
4.159,0.778,3.398,1
-5.476,-13.980,3.151,1
0.297,-11.031,3.589,1
-3.114,10.790,3.583,1
-6.799,8.251,2.068,0
-2.467,-3.785,1.898,0
33.133,-26.338,1.438,0
-14.226,14.315,3.771,1
-13.361,16.629,1.831,0
-1.876,10.022,3.725,1
-3.009,-18.239,3.633,1
-11.312,-13.307,2.241,0
6.603,-0.703,1.902,0
-2.725,6.386,2.698,0
-1.885,1.037,3.647,1
-14.942,16.619,3.615,1
-8.774,14.066,4.074,1
-14.549,-4.047,1.759,0
5.237,-8.700,3.197,1
11.926,-16.609,2.142,0
13.561,3.448,3.724,1
-12.961,7.470,2.137,0
-18.031,2.466,4.006,1
-7.499,3.415,3.263,1
3.847,17.054,2.190,0
3.491,10.280,3.154,1
-5.570,1.346,3.516,1
6.155,4.336,3.990,1
-25.379,-3.075,2.094,0
-3.439,-10.676,2.176,0
10.844,5.040,2.357,0
-5.415,7.018,2.226,0
-2.738,13.712,1.624,0
5.530,-6.153,3.928,1
0.603,-16.214,3.423,1
0.292,5.213,3.993,1
1.737,-21.988,1.497,0
-4.749,5.224,3.520,1
-14.918,-2.009,3.489,1
4.695,11.856,3.740,1
-5.598,-8.830,1.975,0
2.202,-10.021,1.993,0
2.730,2.450,3.658,1
8.257,2.393,2.164,0
5.499,-4.594,1.852,0
-4.211,-8.351,3.597,1
-9.013,-1.681,3.009,1
-25.163,4.344,2.176,0
6.994,8.838,3.901,1
-13.434,-3.490,3.117,1
15.207,16.456,3.604,1
-5.868,2.370,2.045,0
0.176,-0.105,2.219,0
4.147,-8.164,2.467,0
4.256,-5.520,1.230,0
-2.738,-19.202,1.929,0
2.065,12.302,3.259,1
-14.261,-9.652,3.443,1
-12.725,-2.282,2.135,0
22.237,-18.365,1.497,0
-4.865,16.013,3.273,1
-5.921,-4.008,3.021,1
-1.776,6.578,3.660,1
12.345,7.492,4.084,1
24.684,-3.492,3.375,1
-11.005,1.861,3.774,1
-8.475,1.337,3.367,1
-11.543,7.333,3.684,1
0.412,8.998,2.202,0
-7.414,-9.673,2.957,1
-10.180,12.854,3.210,1
16.917,-0.990,3.670,1
5.563,-16.140,3.664,1
11.793,-2.016,1.442,0
11.468,6.215,3.664,1
-4.813,6.885,3.446,1
18.406,-22.180,3.003,1
-7.478,-4.827,1.845,0
-2.821,-4.125,3.658,1
-2.818,-13.710,4.260,1
5.927,-4.440,2.938,1
-4.093,4.631,2.412,0
-4.762,0.670,2.303,0
17.586,-7.752,3.515,1
-7.778,-4.536,3.466,1
5.174,4.052,1.636,0
-2.054,-13.473,1.617,0
-10.091,10.896,3.649,1
-16.047,9.469,2.395,0
-3.149,13.427,3.782,1
-12.968,-6.229,2.506,0
6.347,0.321,2.553,0
-5.560,-17.185,3.474,1
8.956,-4.414,2.028,0
-6.988,-4.945,2.434,0
4.018,11.181,3.643,1
8.327,-6.865,2.231,0
-0.732,-14.375,3.750,1
-5.496,0.791,1.351,0
10.549,-0.468,1.632,0
3.801,-10.017,1.932,0
12.884,-0.739,3.312,1
5.340,7.894,1.877,0
-9.972,-3.339,3.692,1
1.267,4.587,3.971,1
-10.874,3.069,3.643,1
3.780,3.975,3.179,1
12.565,0.028,4.093,1
6.469,-4.458,1.956,0
7.950,-2.649,3.290,1
-4.488,-6.961,3.419,1
0.380,2.075,2.256,0
14.124,-6.386,3.779,1
-11.042,-4.710,2.113,0
-3.825,-0.776,1.948,0
4.572,13.801,3.181,1
-6.637,7.107,3.496,1
2.819,10.209,3.410,1
-7.370,15.829,2.255,0
-16.508,-3.025,1.909,0
-13.730,4.689,1.630,0
-4.858,7.130,2.377,0
5.439,0.703,3.755,1
-22.659,-4.172,3.347,1
-5.136,-16.423,3.274,1
1.577,0.055,3.565,1
3.335,4.142,2.134,0
-3.917,4.016,1.518,0
8.049,-4.935,1.922,0
2.843,22.552,1.733,0
7.077,-13.547,1.764,0
-0.345,-17.802,3.880,1
7.304,-6.569,1.881,0
5.252,7.282,1.534,0
4.115,6.777,2.311,0
3.684,13.239,3.566,1
-4.710,-7.771,1.825,0
-8.906,-6.171,3.690,1
9.574,6.032,3.064,1
14.148,19.402,3.923,1
0.550,1.691,2.187,0
-6.088,3.905,3.897,1
17.070,-20.281,2.196,0
-0.334,8.662,3.514,1
-7.943,-15.041,3.961,1
4.711,6.696,3.293,1
-2.482,-2.180,2.262,0
-15.230,1.138,3.247,1
0.377,-6.947,3.756,1
-0.096,10.656,2.006,0
-6.320,19.629,1.723,0
6.815,4.187,1.929,0
-5.196,-8.006,1.816,0
11.674,-10.767,1.320,0
-4.127,-1.281,3.662,1
3.256,3.420,3.523,1
8.723,19.878,3.332,1
-1.436,1.455,3.170,1
3.209,-8.385,1.612,0
-12.236,-11.397,2.319,0
9.663,3.814,3.336,1
4.058,-4.942,2.207,0
6.916,5.206,1.968,0
-6.604,-2.592,3.803,1
-7.660,10.866,3.471,1
-2.285,-17.547,2.705,1
-14.185,4.190,3.809,1
-12.832,-8.395,3.549,1
12.795,-6.431,2.351,0
9.241,-8.453,3.448,1
11.423,5.840,2.235,0
-0.724,-23.920,3.138,1
-1.499,4.953,2.000,0
-13.944,0.096,2.891,1
10.408,-7.594,2.951,1
3.659,18.064,3.846,1
5.962,-8.585,3.717,1
2.910,0.508,3.846,1
-15.102,9.525,1.463,0
12.169,-7.669,1.456,0
-3.478,12.899,3.909,1
6.903,-3.505,1.889,0
-8.510,21.325,2.436,0
6.777,-15.842,1.748,0
2.051,8.103,3.550,1
15.982,-0.874,1.669,0
-15.519,1.621,3.946,1
12.212,10.360,3.802,1
2.256,8.333,3.009,1
6.136,-2.432,1.598,0
10.329,0.933,2.355,0
-4.161,5.218,1.367,0
-8.844,9.199,3.586,1
7.014,5.143,2.031,0
5.380,4.644,3.329,1
-2.560,3.253,1.722,0
18.029,-2.645,3.124,1
2.260,7.984,1.162,0
-7.451,-7.297,3.512,1
-8.792,-1.314,2.263,0
11.457,-7.630,1.841,0
2.040,-1.146,3.028,1
18.213,4.361,2.965,1
5.094,-6.699,1.761,0
4.170,-0.367,3.740,1
-2.100,0.704,3.742,1
10.988,-5.293,3.384,1
13.972,-0.309,3.508,1
16.443,-3.606,3.559,1
-3.372,-10.030,3.622,1
1.247,-1.699,3.523,1
-2.236,-18.021,1.917,0
13.497,10.149,1.268,0
12.935,8.327,1.823,0
-2.351,-8.535,1.876,0
19.277,-9.425,2.939,1
2.477,-9.738,1.395,0
-18.474,0.061,3.388,1
13.413,5.443,3.464,1
6.199,-0.970,4.286,1
15.129,-6.107,3.522,1
-11.526,-6.077,1.849,0
-4.443,5.360,1.762,0
4.626,0.588,1.922,0
10.520,-14.302,1.952,0
2.715,-7.883,1.708,0
-8.546,6.409,1.567,0
4.495,4.796,3.861,1
-7.142,3.500,3.777,1
7.252,0.966,2.141,0
13.677,-18.595,1.536,0
-1.562,-12.650,3.446,1
-7.372,-7.915,1.785,0
15.933,18.804,3.014,1
-12.705,-18.497,3.269,1
2.258,1.508,2.050,0
-10.754,9.236,1.612,0
-1.515,-16.221,3.230,1
-14.719,-1.352,3.001,1
-7.803,8.556,2.369,0
10.818,-2.809,3.426,1
4.180,-8.861,2.911,1
3.414,-13.379,3.519,1
10.587,-13.552,3.824,1
1.346,0.896,2.105,0
7.134,-5.496,3.544,1
6.466,7.406,3.771,1
-5.947,3.100,3.331,1
-4.822,-7.371,1.465,0
-12.923,-11.731,2.174,0
4.085,-16.312,2.268,0
-3.496,-6.358,2.043,0
1.834,-9.788,3.887,1
-1.051,0.186,2.941,1
20.511,-0.671,2.728,0
1.738,2.039,3.310,1
2.744,9.379,3.412,1
-5.258,15.443,3.711,1
20.368,-2.937,2.268,0
14.767,2.669,1.962,0
-5.200,17.956,2.618,0
-17.938,-9.912,1.630,0
-4.931,-4.176,3.756,1
-16.623,-0.851,2.085,0
14.784,13.445,3.363,1
12.487,7.255,2.463,0
5.474,-0.673,3.569,1
1.960,1.323,2.099,0
-8.836,6.923,3.592,1
-2.181,-9.543,2.534,0
-17.860,1.916,3.467,1
1.758,-6.210,3.648,1
4.952,-13.151,2.335,0
6.357,5.502,3.923,1
-13.572,-4.574,2.056,0
-4.839,4.097,3.552,1
-8.280,-5.609,3.960,1
8.251,4.594,3.688,1
0.810,14.499,3.680,1
3.390,-23.623,3.411,1
10.056,8.880,3.699,1
-10.173,-3.266,1.506,0
-19.555,-1.489,1.622,0
-3.223,6.590,1.982,0
11.505,6.802,1.920,0
0.095,9.299,3.324,1
4.523,1.296,3.791,1
-3.680,-19.254,1.956,0
11.472,-10.488,3.911,1
0.403,4.973,3.974,1
3.172,7.963,3.974,1
14.936,5.378,3.228,1
-14.099,-13.648,3.218,1
-16.696,4.374,2.210,0
0.837,-3.018,3.248,1
3.218,-12.844,1.927,0
-9.887,-2.453,3.260,1
5.032,9.164,2.370,0
5.781,11.685,2.204,0
10.786,1.419,2.346,0
-4.011,5.343,2.204,0
1.325,-15.540,3.090,1
4.946,6.116,2.048,0
-13.489,-2.723,3.963,1
17.047,0.380,3.471,1
-3.232,-12.451,3.416,1
2.133,-21.014,4.508,1
1.666,-25.485,3.829,1
17.508,-7.935,1.687,0
-7.416,4.285,3.408,1
-0.816,8.625,2.365,0
-17.445,-12.075,3.010,1
26.093,-4.708,1.622,0
-6.412,19.570,3.054,1
7.171,6.328,1.968,0
7.187,-12.118,1.792,0
-30.739,4.560,2.508,0
-2.101,6.713,2.084,0
5.595,-22.938,3.679,1
2.082,-0.181,3.284,1
3.015,4.924,2.610,0
-5.477,11.920,2.281,0
11.235,11.062,1.686,0
-5.370,-5.574,1.524,0
-11.652,-15.923,1.420,0
2.795,13.523,1.509,0
9.197,-6.437,1.975,0
6.600,-4.387,1.972,0
12.364,7.237,1.725,0
5.473,-1.536,3.874,1
7.914,-0.236,2.059,0
23.924,-1.515,3.066,1
-9.034,-4.588,1.810,0
28.280,10.173,2.292,0
-14.807,8.762,1.829,0
-0.602,14.038,2.093,0
-15.759,14.907,2.888,1
7.040,5.824,2.300,0
12.305,-0.447,3.553,1
-10.284,-1.634,3.120,1
11.665,6.138,3.523,1
10.953,-9.317,1.992,0
-8.253,23.059,3.480,1
5.615,2.647,2.485,0
-15.880,-8.496,3.676,1
-3.025,21.630,1.984,0
-8.473,-8.226,3.751,1
-3.368,-9.539,3.180,1
3.985,-26.676,2.262,0
-6.224,3.622,3.091,1
-17.709,8.746,3.311,1
2.579,7.458,2.084,0
7.894,2.842,1.608,0
-15.043,-21.305,3.075,1
6.794,-5.767,1.950,0
1.775,4.949,3.993,1
8.659,-19.850,3.673,1
-0.080,-14.775,3.695,1
-1.115,-6.251,3.740,1
6.673,-5.934,3.343,1
-16.790,-3.503,3.490,1
-10.761,5.030,2.152,0
-10.700,10.962,1.698,0
2.552,-12.834,3.367,1
-43.534,-5.937,1.909,0
-17.145,-19.855,3.279,1
14.174,3.359,2.116,0
3.598,7.927,1.900,0
12.606,-10.537,2.377,0
-0.653,2.867,2.166,0
5.782,-11.943,2.569,1
5.797,-0.142,1.842,0
-6.073,-2.115,3.173,1
2.831,3.682,3.345,1
18.617,11.413,2.839,1
-21.319,9.883,1.713,0
4.380,5.874,1.931,0
-8.129,-1.607,1.811,0
-0.946,5.694,3.438,1
4.593,-8.655,2.195,0
-6.017,18.646,3.387,1
8.001,15.673,1.972,0
-13.750,-0.478,3.340,1
-6.378,-0.332,3.469,1
1.465,2.411,2.074,0
13.616,-6.731,3.485,1
7.978,-3.630,2.192,0
-24.259,-10.317,1.627,0
0.594,2.418,2.245,0
1.886,-4.388,2.180,0
18.446,0.887,3.776,1
4.423,-2.408,1.743,0
-9.274,1.096,3.639,1
7.214,-2.955,2.418,0
-4.700,-25.953,3.224,1
1.614,-15.137,3.618,1
-9.608,0.673,2.105,0
-2.119,2.600,1.962,0
6.824,13.624,2.230,0
7.834,19.143,3.414,1
6.232,18.221,3.495,1
10.403,11.039,3.610,1
-13.605,6.020,2.653,0
-14.775,18.231,1.777,0
12.205,-3.643,2.581,0
4.947,3.573,3.394,1
1.213,17.908,3.873,1
8.035,-13.581,3.668,1
5.460,-12.316,1.816,0
-2.451,16.172,4.065,1
-4.151,10.676,2.203,0
-12.111,1.143,1.878,0
-6.575,-13.517,3.327,1
1.861,8.062,3.928,1
2.464,-16.454,3.398,1
15.454,8.540,1.846,0
-3.402,14.402,1.657,0
-4.890,12.592,2.250,0
-23.029,9.474,1.878,0
-10.195,6.773,1.867,0
-1.518,7.913,3.604,1
-6.480,-21.286,3.822,1
22.791,17.527,1.771,0
0.770,-3.269,2.193,0
-12.968,0.076,2.690,0
-1.693,2.937,1.743,0
15.626,-20.013,1.452,0
-6.122,-5.466,1.841,0
7.114,2.111,2.093,0
-11.999,7.948,2.307,0
-7.364,7.364,3.439,1
-4.602,-1.029,2.078,0
3.144,1.147,3.574,1
9.951,-0.544,3.503,1
6.792,-3.340,2.294,0
12.612,16.256,1.738,0
-4.801,-7.710,2.009,0
0.443,13.752,3.400,1
10.526,8.910,3.350,1
7.852,-15.179,1.605,0
-6.775,18.285,3.818,1
9.752,11.825,2.272,0
-2.650,0.035,3.765,1
-26.244,2.176,2.184,0
25.282,1.347,3.555,1
-4.993,3.769,2.817,1
-0.266,-10.851,2.506,0
-15.647,-1.118,2.170,0
8.971,0.558,1.912,0
12.825,2.753,1.570,0
-10.830,-6.603,3.130,1
-8.815,-6.965,1.666,0
-20.941,3.694,3.286,1
7.306,-7.806,3.020,1
7.005,1.556,2.182,0
9.495,-0.564,3.165,1
-19.066,2.810,1.700,0
-11.883,-13.127,3.350,1
-10.452,-10.541,1.707,0
2.879,6.233,3.418,1
13.017,2.518,2.247,0
0.076,4.130,2.403,0
-20.578,-13.960,1.763,0
6.700,21.456,1.972,0
7.249,1.134,3.676,1
10.015,7.630,3.516,1
-21.713,3.832,2.066,0
0.273,-6.413,1.547,0
5.127,8.576,2.170,0
2.354,0.131,3.576,1
15.508,11.708,1.587,0
-5.123,-8.489,3.346,1
1.797,10.106,3.422,1
16.382,10.201,1.892,0
-3.679,12.379,1.781,0
1.333,-16.318,3.100,1
8.503,6.791,1.903,0
-11.601,-10.511,1.870,0
2.424,-6.593,3.533,1
20.644,7.227,1.670,0
-14.895,6.437,3.968,1
4.321,10.527,3.726,1
1.020,9.517,4.007,1
-3.988,-18.796,3.122,1
6.858,-9.399,4.001,1
7.723,7.600,3.420,1
6.254,2.721,3.793,1
-24.196,-0.434,1.724,0
22.460,15.218,3.903,1
12.151,10.608,4.189,1
-16.565,7.174,3.790,1
18.637,-9.189,1.741,0
1.389,1.186,2.019,0
2.305,2.776,2.695,1
-5.239,-3.439,2.984,1
-2.476,10.087,2.337,0
0.723,2.578,3.699,1
-7.031,8.412,1.813,0
-11.218,7.938,3.509,1
20.614,0.549,3.420,1
11.898,-18.082,1.803,0
16.072,-4.690,3.130,1
-3.268,-4.498,3.282,1
-13.656,7.326,2.490,0
-12.543,-8.307,2.685,0
1.008,-11.050,2.273,0
9.316,-6.902,3.559,1
7.130,-8.338,1.791,0
12.868,1.229,3.542,1
13.154,4.234,3.734,1
-9.323,-7.127,1.738,0
-7.946,-1.460,3.139,1
2.118,27.755,3.686,1
-7.821,-2.042,1.970,0
12.742,11.844,3.488,1
-8.777,0.463,2.035,0
-3.275,-6.844,3.222,1
17.839,3.026,2.499,0
5.649,3.657,2.171,0
6.258,13.159,3.941,1
-9.886,15.233,1.910,0
0.493,-4.976,1.694,0
-4.348,7.672,3.401,1
7.963,10.117,4.005,1
-14.234,10.009,2.878,1
3.987,-7.317,3.334,1
-6.063,-0.043,2.059,0
-7.521,-3.107,3.454,1
3.906,-4.346,2.218,0
4.972,10.365,1.686,0
12.930,-7.072,1.484,0
-2.160,5.054,1.873,0
-11.297,-7.080,3.660,1
11.074,3.900,1.588,0
14.016,-12.451,2.309,0
6.433,4.115,3.515,1
8.748,-3.929,3.260,1
-0.204,-4.879,3.684,1
6.384,-6.822,2.185,0
-24.351,3.099,1.231,0
-37.807,11.814,1.544,0
-0.167,-4.880,3.829,1
-5.003,2.211,2.407,0
18.791,-4.815,3.564,1
-14.903,1.783,2.120,0
7.099,-18.603,3.500,1
0.809,-9.605,1.285,0
-24.946,-6.889,3.130,1
-9.648,20.444,3.299,1
-2.410,12.051,3.199,1
6.689,9.458,1.672,0
0.673,7.297,1.846,0
14.137,9.644,3.811,1
11.071,0.842,3.511,1
11.875,-1.742,1.526,0
-18.209,-9.548,3.421,1
-1.891,-2.388,3.069,1
8.377,-8.018,3.485,1
-10.890,-0.448,3.651,1
-2.572,8.099,3.148,1
24.645,11.117,3.231,1
18.866,-12.089,3.327,1
-6.119,22.470,2.467,0
5.182,-4.808,3.680,1
6.753,10.240,3.495,1
-11.542,3.181,3.659,1
2.502,-7.365,2.219,0
9.351,-13.477,1.712,0
8.863,-8.408,1.983,0
1.479,-11.401,2.229,0
-8.656,6.081,3.480,1
-1.285,-3.881,3.889,1
-6.367,0.034,1.568,0
1.073,-12.451,1.853,0
-3.907,-12.290,3.699,1
3.341,-16.508,3.857,1
-16.809,3.659,3.385,1
-11.037,-12.242,3.589,1
9.824,-1.489,1.850,0
5.231,-4.174,1.693,0
-7.861,-6.166,1.836,0
8.702,10.749,3.169,1
3.262,-4.285,2.994,1
21.680,-5.435,2.578,0
3.285,1.705,1.936,0
1.165,1.330,3.607,1
-14.233,-4.152,1.351,0
2.285,4.777,1.696,0
-0.985,-11.736,3.275,1
16.767,3.450,1.941,0
13.360,-2.471,1.751,0
2.315,-4.110,1.974,0
-1.203,2.268,1.759,0
27.466,37.765,3.003,1
5.629,10.479,3.356,1
1.840,10.295,1.736,0
-6.487,-0.466,3.645,1
1.873,-4.429,2.015,0
6.323,-9.656,1.835,0
-7.130,-5.635,2.230,0
13.136,5.980,3.596,1
-2.166,-0.237,2.135,0
10.144,3.853,1.979,0
6.808,-1.005,3.930,1
0.254,7.844,1.772,0
1.169,1.098,3.865,1
8.105,0.912,3.784,1
-0.920,5.499,3.589,1
-11.167,8.699,3.212,1
2.518,2.402,3.363,1
11.700,23.150,2.532,0
-2.216,14.252,2.370,0
-4.746,14.750,2.146,0
-3.000,9.878,1.654,0
-0.176,7.347,3.247,1
-1.896,-4.678,3.767,1
-7.650,-8.137,2.923,1
-7.245,-3.463,3.391,1
-4.553,6.472,3.329,1
12.837,-6.697,2.526,0
-3.603,2.217,1.937,0
-1.762,-4.042,3.656,1
9.424,-1.073,3.942,1
8.625,-4.846,3.911,1
-9.853,-2.545,2.991,1
4.672,-21.606,2.371,0
1.161,-25.338,2.528,0
0.340,19.807,2.142,0
-10.614,-18.394,1.757,0
8.701,-5.406,2.184,0
-5.630,-2.086,2.115,0
-12.971,25.395,4.019,1
1.461,-1.202,1.572,0
5.331,5.504,1.922,0
7.566,-0.997,3.115,1
-1.068,-20.768,2.257,0
-6.751,-2.589,1.616,0
6.956,-10.914,3.483,1
1.887,13.420,2.024,0
4.724,8.335,3.181,1
10.196,12.823,3.459,1
0.375,8.882,1.554,0
-20.934,-9.614,1.722,0
-0.897,3.391,1.972,0
30.778,-1.234,2.193,0
-5.135,12.818,2.062,0
2.172,10.164,3.705,1
4.583,14.460,3.691,1
7.791,-16.557,3.383,1
7.199,11.924,1.868,0
2.411,14.983,2.019,0
9.711,3.035,3.729,1
-9.697,-4.713,1.724,0
14.244,-12.118,3.867,1
-6.754,-3.348,1.901,0
-7.195,-11.393,3.252,1
6.773,-10.660,1.533,0
5.683,-7.507,2.312,0
-0.695,-16.559,1.933,0
-10.365,-8.461,3.410,1
6.045,-3.601,1.655,0
-5.690,-1.231,3.708,1
-16.420,-14.754,3.860,1
-3.107,2.595,3.231,1
14.898,23.526,1.793,0
-9.708,-25.034,3.414,1
7.285,1.711,1.785,0
4.445,1.824,3.488,1
9.595,11.222,2.235,0
-6.535,-8.156,3.464,1
-1.604,-2.102,3.610,1
-1.227,8.448,1.809,0
9.344,-10.373,2.781,0
-11.383,0.622,1.911,0
-15.197,-7.840,2.110,0
17.430,-4.340,3.503,1
-7.256,-4.904,3.406,1
0.577,-20.430,3.236,1
-4.295,-7.030,2.167,0
18.786,-6.085,1.959,0
28.757,-7.026,2.445,0
-3.671,27.030,3.457,1
-10.836,7.606,3.608,1
-3.465,-0.095,3.665,1
17.074,-10.704,3.451,1
-3.615,-8.710,3.597,1
4.785,-6.235,3.508,1
7.428,13.318,1.784,0
7.372,0.422,3.783,1
14.187,5.709,3.225,1
8.445,-13.813,4.108,1
12.672,-3.024,3.833,1
-3.673,9.118,1.697,0
-1.543,7.461,3.884,1
-7.172,4.014,3.488,1
-12.965,-5.122,3.310,1
-4.783,-2.939,3.753,1
-8.038,-2.214,1.680,0
9.181,-17.406,2.362,0
-4.200,5.417,3.686,1
7.418,-21.680,3.633,1
-1.485,0.769,2.242,0
33.709,-7.631,3.723,1
11.841,9.201,2.206,0
-1.853,4.778,2.001,0
-11.232,3.584,3.652,1
1.891,13.554,1.468,0
6.131,-12.617,2.321,0
1.352,19.704,1.997,0
2.001,5.801,2.024,0
12.737,4.059,4.008,1
-16.396,-9.276,1.479,0
0.492,4.879,2.375,0
27.406,14.935,1.962,0
2.256,-8.223,3.728,1
0.905,9.984,2.041,0
-1.770,-4.890,3.504,1
-3.644,-4.268,1.900,0
-9.436,14.414,3.243,1
23.897,17.339,2.161,0
16.316,6.401,2.678,0
-4.545,9.908,2.750,0
8.775,4.182,2.335,0
12.599,-7.331,3.641,1
-7.033,12.114,3.702,1
19.153,-7.864,3.438,1
-2.036,1.597,2.177,0
-1.570,-0.899,3.615,1
19.085,-7.276,2.368,0
-10.734,-3.106,3.704,1
2.000,-5.962,3.736,1
-11.134,-0.482,2.058,0
-3.185,-4.035,2.399,0
-3.378,-0.104,3.286,1
9.118,-1.299,3.593,1
-6.579,6.025,2.271,0
4.423,8.840,1.788,0
12.463,-0.801,2.026,0
0.974,-3.900,2.130,0
-14.671,-0.920,3.429,1
-1.621,0.171,3.562,1
-5.034,-7.465,1.785,0
4.406,2.507,3.326,1
8.706,8.368,3.559,1
7.967,-11.840,3.594,1
21.801,1.038,3.270,1
6.290,-9.138,1.868,0
4.775,-7.825,2.378,0
-0.189,-7.750,1.650,0
4.974,-3.093,1.665,0
-8.560,-20.813,2.532,0
-1.768,-16.919,3.272,1
0.047,-4.999,3.687,1
-6.551,6.319,2.319,0
-7.672,-15.118,2.068,0
0.645,-1.036,2.405,0
-21.044,-3.205,4.404,1
-13.108,-2.272,1.635,0
2.630,-9.382,1.876,0
10.324,4.219,2.303,0
-0.632,-13.320,1.935,0
-4.911,3.179,2.034,0
-9.453,-15.556,1.978,0
-3.130,-12.766,4.071,1
5.719,-2.990,2.327,0
19.511,-0.115,1.890,0
-4.020,13.781,2.087,0
-2.275,9.351,3.729,1
-8.132,-5.034,3.293,1
-13.423,2.212,3.287,1
6.164,-5.028,3.288,1
-0.074,-4.344,3.491,1
-10.396,-12.453,2.297,0
-5.725,-11.207,3.459,1
-5.349,-5.359,3.585,1
-3.236,-5.806,1.773,0
20.100,-4.360,2.569,0
3.174,11.516,1.890,0
5.129,-1.557,2.804,0
-1.797,3.297,1.620,0
-9.590,4.966,3.285,1
-2.687,-15.060,3.948,1
-29.506,13.966,3.236,1
11.506,13.673,1.994,0
8.198,0.077,3.394,1
11.738,-6.109,3.163,1
-5.254,13.860,2.437,0
-14.341,0.455,3.665,1
12.862,-8.678,2.250,0
-18.632,5.853,3.807,1
21.894,9.599,2.178,0
-11.159,-6.332,3.244,1
4.041,16.341,2.078,0
-3.057,-0.972,2.106,0
11.213,13.471,1.865,0
4.502,-3.011,4.006,1
-8.418,1.705,3.301,1
20.142,1.847,2.077,0
1.851,-5.011,1.665,0
0.261,2.433,2.455,0
-15.087,-6.493,1.831,0
22.175,-20.659,3.737,1
-15.377,-2.249,1.475,0
13.462,-6.872,3.421,1
3.685,-6.725,3.558,1
14.170,-5.643,1.221,0
-5.879,-5.018,2.201,0
10.630,0.791,2.186,0
-1.361,9.347,3.361,1
10.125,-3.673,2.104,0
-0.339,-4.241,3.179,1
4.713,7.574,2.582,0
17.360,-8.506,2.274,0
-14.990,4.162,1.509,0
-20.913,4.240,1.465,0
5.509,12.715,2.003,0
3.880,-6.751,2.059,0
5.572,-7.939,1.798,0
-6.277,-14.170,3.317,1
15.316,-4.236,4.015,1
-22.887,2.382,2.430,0
4.174,5.873,3.584,1
-0.507,-16.949,2.824,1
-1.849,10.436,2.460,0
1.181,24.889,1.949,0
-0.632,19.873,1.929,0
-7.915,5.306,3.471,1
3.299,-11.044,2.085,0
18.770,-2.927,1.925,0
19.147,-9.000,3.369,1
-11.275,0.430,3.429,1
14.162,-4.991,2.103,0
2.074,1.214,2.869,1
-2.323,0.245,3.329,1
-8.424,10.382,3.509,1
5.605,-12.413,1.657,0
0.767,4.976,1.888,0
2.254,2.964,3.262,1
26.855,6.891,1.796,0
2.552,1.586,3.086,1
18.097,4.661,2.310,0
-4.833,-0.787,2.062,0
6.905,-1.251,2.164,0
1.253,12.810,2.227,0
19.429,-7.149,2.010,0
10.107,-15.924,2.988,1
6.801,16.094,3.358,1
3.546,-5.833,3.614,1
-5.228,3.692,1.921,0
15.422,-5.363,3.753,1
11.182,-1.604,1.922,0
4.485,-26.745,2.317,0
1.499,0.221,3.434,1
7.808,3.932,2.683,0
4.729,-4.509,1.794,0
-3.483,8.505,2.316,0
4.405,14.069,3.643,1
3.905,17.352,2.519,0
7.248,-11.922,1.675,0
10.290,-0.126,1.992,0
5.313,10.221,1.940,0
8.727,6.263,3.689,1
4.300,4.242,3.842,1
1.727,-3.333,1.985,0
5.936,-17.810,2.306,0
-0.980,8.078,2.995,1
1.175,-21.266,2.755,0
1.320,-3.612,3.417,1
3.492,-2.470,4.043,1
10.539,9.517,2.141,0
-0.571,-10.865,2.383,0
9.263,10.171,3.320,1
7.981,1.425,4.142,1
-2.989,9.787,3.623,1
-5.694,10.508,4.223,1
-16.924,4.891,1.557,0
20.937,11.692,2.070,0
-6.789,2.510,1.978,0
2.440,3.178,2.384,1
-13.114,7.274,3.243,1
0.954,10.399,3.605,1
1.419,16.606,2.082,0
4.396,5.757,1.640,0
-23.731,2.026,2.410,0
-1.378,5.087,2.327,0
-18.440,17.566,3.378,1
7.509,-3.940,3.555,1
0.966,0.241,3.191,1
-9.955,7.323,3.702,1
4.792,10.108,3.606,1
-35.702,28.995,1.977,0
-11.637,-6.927,2.141,0
21.617,-13.380,1.659,0
23.831,7.497,4.012,1
3.215,-3.364,3.563,1
6.756,-10.295,3.594,1
2.278,4.028,2.372,0
2.009,-3.236,3.547,1
16.065,7.248,2.264,0
2.870,-3.961,3.204,1
-16.921,-9.261,2.342,0
5.047,-6.401,3.532,1
-5.055,7.481,1.551,0
-6.832,-2.110,3.771,1
12.839,-8.471,2.752,0
-7.552,-2.822,2.071,0
-7.809,11.193,3.595,1
-0.186,-5.881,3.945,1
-9.723,-13.372,3.578,1
0.578,-7.104,3.823,1
-7.324,5.959,3.505,1
-18.752,-10.483,2.032,0
3.633,-5.436,3.283,1
-8.479,8.648,2.149,0
-17.743,-0.777,1.930,0
-0.264,-8.984,3.153,1
11.271,8.430,3.920,1
3.069,-2.339,3.735,1
-9.217,-9.312,3.298,1
-5.295,3.222,1.339,0
-2.812,-20.372,3.506,1
-19.175,4.122,2.081,0
1.787,13.711,3.135,1
8.103,-9.165,2.269,0
-0.175,1.634,2.231,0
-11.615,-3.182,3.601,1
2.293,-11.633,3.443,1
0.805,-5.049,2.345,0
-6.420,-18.787,1.608,0
-5.187,1.949,3.192,1
1.641,1.281,3.153,1
11.390,11.737,2.390,0
17.827,0.541,3.060,1
-13.979,1.411,3.029,1
1.594,-7.531,2.151,0
-2.098,-7.743,3.661,1
28.989,-14.152,3.404,1
-7.575,12.501,3.423,1
3.591,3.534,2.118,0
-7.722,2.581,2.695,0
-7.897,-0.011,1.867,0
7.233,-3.651,3.872,1
0.172,12.546,3.650,1
1.393,1.514,3.431,1
6.174,-10.660,3.542,1
0.582,-7.423,3.532,1
2.408,-8.116,3.443,1
4.630,11.500,1.657,0
-7.106,-2.182,2.049,0
6.528,3.254,3.501,1
-17.153,-3.546,1.444,0
-14.543,6.322,2.810,1
1.805,-17.812,2.378,0
13.631,-1.982,2.389,0
-3.937,-3.866,3.731,1
5.646,7.446,1.977,0
-3.464,14.397,3.261,1
6.259,7.305,1.887,0
4.388,-2.453,3.400,1
0.606,-1.630,3.339,1
7.079,14.113,3.181,1
-10.858,5.379,4.208,1
-5.584,-0.750,1.431,0
3.518,-3.676,3.214,1
21.361,2.855,2.453,0
1.221,-4.058,1.835,0
2.608,-14.394,4.194,1
5.195,5.399,3.301,1
-9.251,-0.764,1.847,0
10.278,-12.378,1.567,0
-2.046,-16.343,3.456,1
3.921,-10.195,2.449,0
5.490,7.196,2.051,0
12.021,7.870,1.550,0
-11.659,16.683,1.933,0
-14.323,-7.573,1.785,0
3.093,1.981,3.644,1
-3.469,-10.929,1.037,0
1.242,-2.123,2.210,0
-13.730,19.509,3.411,1
19.198,-1.716,2.245,0
0.944,-7.708,1.967,0
-8.292,7.558,2.719,0
-23.685,-0.324,1.839,0
3.898,1.314,2.463,0
2.866,-5.334,3.275,1
8.062,3.579,2.022,0
-7.916,-2.891,1.462,0
-0.096,14.246,1.806,0
5.191,17.530,1.298,0
0.942,3.061,3.393,1
-0.218,-8.659,3.605,1
-29.524,5.086,3.506,1
13.187,-2.111,2.416,0
-4.260,-15.350,3.741,1
-7.277,14.157,2.196,0
-16.481,15.350,1.745,0
-8.610,7.707,2.419,0
7.637,6.845,3.448,1
-4.971,-7.574,3.999,1
5.055,-7.203,1.663,0
13.290,9.375,1.376,0
-3.121,-7.509,2.155,0
1.079,5.149,1.717,0
3.206,4.381,1.503,0
0.180,-5.614,3.357,1
-14.602,-7.366,3.608,1
-13.078,-3.752,2.223,0
5.437,-8.729,1.927,0
18.102,-6.709,3.415,1
-2.010,-2.313,2.262,0
10.252,21.666,3.416,1
-16.074,-4.562,3.536,1
-5.631,-2.517,3.370,1
8.059,-10.789,2.614,0
-6.905,-10.735,2.632,0
16.961,0.305,1.597,0
22.285,0.771,1.910,0
2.937,1.684,1.765,0
-0.363,-3.933,2.066,0
-14.794,8.696,3.325,1
-12.793,-6.323,1.658,0
3.283,6.284,3.702,1
6.521,-16.336,3.837,1
-13.313,-6.940,3.623,1
18.567,-2.342,3.126,1
19.977,-20.794,3.629,1
-9.299,-3.784,2.004,0
8.639,-6.859,3.543,1
-1.571,-10.016,3.541,1
-4.173,-4.498,2.307,0
6.538,16.537,3.289,1
3.793,-2.022,2.338,0
-9.354,23.824,3.431,1
2.066,8.991,3.495,1
-2.200,18.087,3.798,1
-24.054,12.584,3.294,1
3.077,12.488,2.040,0
-11.785,3.438,2.057,0
-13.855,7.044,2.154,0
5.679,2.690,1.305,0
4.390,2.720,3.750,1
5.221,-15.644,1.752,0
14.904,10.018,2.790,0
13.402,12.487,3.546,1
11.505,-6.397,3.453,1
-9.899,-19.290,2.352,0
2.364,-1.197,3.579,1
2.295,0.176,3.064,1
-11.183,10.575,1.745,0
-1.073,-18.855,2.320,0
-19.979,-11.538,1.863,0
-0.331,4.924,1.699,0
13.290,-9.875,1.824,0
-14.631,13.319,3.581,1
8.504,-11.064,2.201,0
-3.017,-3.652,1.892,0
4.915,-18.725,1.772,0
-1.555,16.318,1.915,0
-2.264,-19.073,3.484,1
-7.949,4.033,3.212,1
-10.675,13.912,3.411,1
10.658,6.070,1.928,0
2.873,-10.651,1.451,0
6.966,-4.148,1.926,0
-7.960,5.636,3.576,1
-9.695,-12.359,3.415,1
-1.114,-19.014,3.931,1
8.551,6.941,2.031,0
0.102,5.170,3.459,1
10.674,-8.331,3.201,1
2.371,-4.901,2.109,0
-11.360,9.346,3.555,1
1.433,-9.548,2.170,0
9.071,12.090,1.908,0
-6.411,8.124,3.977,1
-6.137,-14.394,2.159,0
4.779,-3.202,3.887,1
-11.485,11.141,3.059,1
12.746,11.304,2.678,0
15.077,-16.206,2.265,0
-7.236,-1.137,2.244,0
-4.405,-6.318,3.513,1
-10.398,12.831,2.179,0
-1.380,-1.538,1.542,0
-4.788,-3.100,2.333,0
12.527,-5.734,1.546,0
1.565,8.110,1.926,0
2.377,-0.090,3.595,1
-4.038,-2.829,3.685,1
-5.707,0.968,4.014,1
-15.044,-17.679,3.546,1
-11.210,-8.920,3.426,1
-5.055,-11.501,1.771,0
-4.712,9.377,1.470,0
-11.609,-0.987,1.833,0
-18.403,-2.529,4.000,1
-7.470,-6.822,3.914,1
6.988,3.262,3.512,1
-11.014,-22.311,3.654,1
16.933,-0.613,1.725,0
15.478,-8.122,3.822,1
-6.508,-7.634,4.080,1
-4.476,3.639,2.348,0
-12.464,2.794,2.189,0
-0.597,-7.554,3.355,1
-6.872,17.957,2.068,0
11.877,-8.542,2.001,0
-4.937,3.597,1.648,0
-0.946,5.573,2.165,0
-3.432,-3.294,3.576,1
-17.232,-13.228,1.680,0
-20.623,1.405,3.240,1
-9.875,-8.149,3.434,1
-1.163,5.595,3.279,1
0.789,-7.555,3.467,1
-2.772,-6.834,2.222,0
0.465,-9.213,2.405,0
2.433,-4.356,3.569,1
